0.094145305
0.091771014
0.09153354
0.09284264
0.09399452
0.106890686
0.1
0.09399453
0.09680215
0.093313165
0.11489265
0.10474867
0.093823954
0.10015783
0.08565291
0.09787585
0.091960065
0.092606425
0.092234045
0.08841122
0.09224427
0.09399453
0.10128416
0.08903347
0.1
0.08941325
0.090859406
0.09068218
0.08551704
0.095003866
0.09251862
0.09205028
0.09399453
0.09483856
0.1
0.093742475
0.08639564
0.09486887
0.099877976
0.092797
0.09950089
0.1
0.10452471
0.093002886
0.11207698
0.08802631
0.09230314
0.10715136
0.09594114
0.0921022
0.09096472
0.1
0.09942894
0.10247825
0.09679123
0.093410335
0.09158819
0.09296591
0.08975141
0.09609494
0.0898141
0.109672815
0.09357448
0.093943425
0.09289768
0.09287459
0.09172791
0.11275488
0.09540753
0.09348937
0.09946617
0.112523176
0.09981404
0.08354202
0.09594895
0.09039293
0.08913544
0.093264654
0.095011584
0.0945083
0.09402587
0.09193274
0.091403514
0.11156929
0.098726794
0.09428201
0.0935773
0.09310254
0.08992264
0.10901501
0.10073214
0.09399454
0.1
0.09078917
0.09217046
0.086593635
0.095531136
0.109020114
0.09320709
0.09237789
0.09399453
0.10033559
0.09919926
0.1033094
0.08618609
0.090587415
0.09421837
0.11464063
0.10386439
0.09478423
0.09350432
0.09700336
0.1
0.094884835
0.09875385
0.09488395
0.09160647
0.0924766
0.09134541
0.08822506
0.1
0.10155938
0.10280044
0.087091506
0.09261344
0.08599854
0.09136057
0.09369401
