0.21099262
0.0728199
0.14211142
-0.04889791
-0.1169323
-0.23094794
0.21860607
0.16737762
-0.048025653
0.22605208
0.029204836
-0.060025644
-0.12724295
0.13217965
0.10317622
-0.039536744
-0.23847984
-0.025064567
0.22741607
-0.24069788
-0.28214842
-0.04459234
0.2756429
0.2764296
-0.28576753
0.16380227
0.124275304
-0.0033066925
-0.014294124
-0.1025541
-0.13020317
0.11334184
0.062111337
0.06856714
0.15904899
-0.034355342
0.013732661
-0.2530284
0.10454861
0.22098865
-0.26947588
0.028059674
0.037581164
0.08689139
0.042438753
-0.25951073
-0.2993854
0.056961246
0.0532684
0.1079947
-0.20888737
0.03422019
-0.29875296
-0.14760612
-0.11296186
0.20879501
-0.1442131
0.039719027
0.25929195
-0.3750762
-0.0692088
-0.20920785
0.061571952
-0.15002938
-0.028822364
-0.00738505
-0.40100425
-0.2854837
-0.1306611
0.14012586
-0.016783481
0.13510628
0.25365034
0.18735053
0.22110274
-0.07150238
-0.035370145
-0.027470037
-0.30753917
0.24056596
-0.24166703
0.09827653
-0.24466261
-0.17030285
0.17144527
0.06705534
0.0106865205
0.026144838
0.18972969
0.1553762
0.011150647
0.1410169
-0.09611248
0.032626502
-0.04308915
0.19353233
0.077409
0.21381614
0.023917818
0.2107839
-0.08933109
-0.17597261
-0.32268062
0.13811474
-0.10671683
-0.0039664297
0.00761725
-0.005326664
-0.10851989
0.18763354
0.105169944
-0.030511228
0.04021216
0.1249138
-0.071108595
0.2587244
0.0025188928
0.16968067
-0.2019426
0.04803121
0.093726665
0.099042565
0.013919981
0.17304355
0.25778982
-0.030558236
-0.09376322
0.002421413
-0.15903693
0.0972113
0.19054058
-0.059559435
0.29839125
0.1064613
-0.1782642
-0.17498793
0.2612495
0.2540321
-0.40110594
0.09189607
-0.010484252
0.20716634
0.08003891
-0.023617882
