0.1032437
0.044271044
0.1810965
0.031424828
-0.054424345
-0.098295115
0.0692352
-0.0036033602
-0.13981332
-0.024795968
0.14774342
0.11300421
-0.06966582
0.014310233
0.10921189
-0.033006962
-0.10571476
-0.07444959
-0.022798633
0.015552196
0.11790931
0.120046414
-0.052781966
-0.022349024
-0.083218366
-0.12510091
-0.14354865
0.0855869
-0.00768898
-0.059695993
0.07814865
0.0073625217
-0.058144365
0.044817545
0.084410176
0.030003987
-0.12530854
0.026888214
0.10137797
-0.10086133
-0.08647608
0.052626185
-0.1407206
-0.18322168
0.13451962
-0.05962564
0.016767789
-0.1944522
-0.09417071
0.17711553
0.049521353
0.00024986593
0.064318344
0.018404707
0.0676649
0.20782666
-0.11770703
0.038862336
-0.018072283
-0.06565327
-0.034744415
0.077570565
0.043193426
-0.019060872
0.01730323
0.018782567
-0.107370466
-0.0027581293
0.0298498
-0.029154042
-0.099551596
0.10670827
0.15258782
0.2412418
0.041787926
0.17033942
0.009882888
0.092356965
0.099461764
-0.07093953
0.044602197
0.21345292
-0.039708823
-0.08671356
0.00048331663
0.04620034
-0.10959318
0.04408335
-0.028795784
0.07337587
0.061094508
0.014107452
-0.35633123
0.16599692
-0.03074405
0.21329938
0.09314351
0.016940009
-0.12944493
-0.045881763
0.03712104
0.15165326
0.034063853
-0.06699196
0.17946014
0.06370989
0.19450904
-0.17735672
-0.1329866
0.071490236
-0.02954953
-0.021208534
0.049874913
0.07848358
-0.11307869
0.06171881
0.074666545
0.15274486
-0.07963031
-0.09197581
0.030762214
-0.07579163
-0.110674076
-0.021374905
-0.08709631
0.06591028
0.13251624
0.04418971
-0.0017537862
0.005589341
0.14202249
-0.09041653
-0.25015795
0.12854773
-0.05246412
0.182412
0.06506269
0.081192456
0.30020627
-0.019057492
-0.19325282
-0.17561021
0.09589664
0.23400141
0.010872636
0.13393232
0.013828285
-0.17430891
-0.09506776
0.04667861
0.050394565
0.0039499807
-0.2080046
0.12989512
0.12938122
0.038327698
-0.14284873
-0.106676504
-0.015418977
-0.017347263
0.019353816
0.013616014
0.06360506
-0.040944938
-0.101725206
-0.044715323
0.013082032
0.19138603
0.0024494075
-0.11177833
0.07536029
-0.12658341
-0.2490789
-0.047280096
-0.07238385
0.2166773
0.066441916
0.09435947
0.030567393
-0.12812316
0.16724248
-0.011110677
-0.1492302
0.036516655
-0.04352122
-0.047173265
-0.052671082
-0.01612202
-0.2031485
-0.31607231
0.004149904
0.18006617
0.022264987
-0.109412804
0.06452879
0.0031505108
-0.33819005
-0.32717416
0.07142884
0.05543656
-0.09131338
0.1057125
0.04600943
0.12727833
-0.058551453
0.060355164
0.038862817
-0.14920983
0.260254
0.17887406
0.027295442
0.064851396
0.18112352
-0.13504967
0.04915179
-0.10134168
0.003142355
0.19708289
-0.3297832
0.08981272
-0.109979846
0.10996571
0.039238185
0.09052391
0.058112957
0.040710434
0.12553985
-0.059721876
0.123714134
-0.0028417963
0.17347223
0.05800266
-0.009881455
-0.012691805
-0.10473431
-0.13084868
0.00075364567
-0.095490165
-0.056223895
-0.14328876
-0.19990969
-0.04312133
-0.04380831
-0.16212967
0.0040698512
-0.063719735
0.203745
0.042373728
-0.034352392
-0.08262809
0.00053684576
-0.07671962
0.06646962
0.049435377
-0.042104725
0.020795437
0.18010016
-0.17639461
0.018246183
0.23211804
0.059905175
0.014715938
-0.034369424
0.09735191
-0.0021603878
-0.08014055
-0.08216072
-0.13878104
0.12139517
-0.013319863
0.056324873
0.09312888
0.04660499
-0.06950409
-0.15431085
-0.22986907
0.023885174
-0.1063955
0.023911195
-0.10968955
-0.06598819
0.14051127
0.0506122
-0.10941285
-0.0434701
-0.19563594
-0.20712584
-0.049456786
-0.0410009
-0.0797983
-0.12707667
-0.016843516
0.018447781
0.09120223
0.07599241
0.20020087
0.047817282
-0.038456056
-0.17468627
-0.12855554
-0.15149595
-0.15547845
0.031224487
-0.20183237
-0.021034278
0.08258926
0.12667212
0.05937073
0.110326685
-0.06728135
0.110413305
0.028535893
0.013910321
0.01239973
-0.042690568
-0.013392411
-0.10574084
0.055779178
-0.06635502
-0.09036383
-0.016151983
-0.012707042
-0.04343723
-0.14823732
0.14725032
0.015477802
-0.12337124
-0.007887565
0.020651065
0.06724515
-0.13618205
-0.023826176
0.12200606
-0.09667465
0.026410872
0.17246668
0.07324883
-0.19658485
-0.0057996055
-0.12507173
-0.00848557
-0.0872655
-0.0007485694
-0.029634215
-0.09039427
0.008744599
-0.13699523
0.042349163
0.09824585
0.1270799
-0.060717855
-0.05562749
-0.11851614
-0.1074796
-0.07046844
-0.14594367
0.024272969
0.22927634
0.004319051
0.052307803
0.21153404
-0.1673626
-0.016114835
-0.032454632
0.04874017
-0.0028480436
-0.100231744
0.20626543
-0.10800267
-0.010020634
0.016490534
0.099861786
0.035251554
-0.10910742
-0.024106892
-0.08119402
-0.17404744
0.042515278
0.12583216
0.024116617
-0.031627998
-0.07490208
-0.07760018
0.09153679
0.0450191
-0.07264712
0.12374395
-0.020629128
-0.083431184
-0.17328034
-0.1586851
0.04527572
-0.021316815
-0.07080343
-0.022654338
-0.05159196
0.1621636
-0.008935898
-0.06942757
0.031572007
0.12278625
-0.0035214198
-0.0050104973
-0.047585696
-0.05882422
-0.044444844
-0.008243887
0.10682965
0.059090786
0.059039313
0.10590802
-0.06152285
0.050474267
-0.13871655
0.0784006
0.06559798
-0.12617084
-0.11041247
0.056619495
0.04416389
-0.0638563
0.085816935
0.007343314
0.020275088
-0.083332285
-0.034133308
-0.038506165
-0.039440855
-0.1488769
-0.06494016
0.037207417
0.17313944
0.035426654
-0.036410943
-0.053494684
-0.024225678
-0.059883717
0.014651364
-0.0141645875
0.04900023
-0.0421386
0.037801426
0.16738826
-0.056301676
-0.08486222
-0.108969904
-0.14130357
-0.020957705
0.035409458
-0.017150907
0.12541746
-0.056586847
-0.01707831
-0.02092384
-0.035595108
-0.11382031
0.11864985
0.06735838
0.09337655
0.04402063
-0.19391112
0.008402521
0.16640203
0.054817505
0.12851052
0.08406622
-0.05806867
0.0840842
0.06313314
0.35974386
-0.07702601
0.093754135
0.081266195
-0.21674806
-0.1676227
0.025458291
-0.27312887
0.046108868
-0.19099933
0.04153714
0.0030278617
-0.077247076
0.12641978
0.07184739
0.06592203
0.008792817
-0.011368902
0.10048249
-0.017539173
-0.022449424
-0.10819185
0.14213707
0.06555883
-0.04396223
-0.15032749
0.1668353
0.005073679
-0.07869986
-0.19556043
-0.03850128
0.026792714
0.14449094
-0.06783352
0.12478964
-0.10804347
0.15991606
0.021671925
0.020934824
0.097057596
0.066179685
-0.002363266
0.028579408
-0.08982818
0.16360122
0.09025416
0.06980875
-0.077259235
0.07509213
0.20336124
-0.037772242
-0.19682527
0.04276462
-0.0389267
0.26986754
-0.13422418
-0.029534297
-0.14477782
0.09782425
0.18915409
0.01703346
0.16253552
-0.08493855
0.039589085
-0.0018874435
0.13907273
-0.0781536
0.19653325
0.09597298
0.16440812
0.030090608
0.11416226
-0.06323338
0.031508185
-0.14067899
0.041856166
-0.17832999
-0.08216025
0.016545111
-0.06959646
0.13801299
-3.9956954e-05
-0.057830792
0.08206439
0.030460384
-0.08137769
0.13015251
-0.066135846
0.020158619
-0.0047111847
0.0061969436
0.11836457
-0.047540672
-0.0803892
-0.090053976
-0.0257997
-0.056417413
0.19978608
-0.021222308
0.22237301
-0.1222415
-0.090115264
0.13876985
-0.008358453
0.18374057
0.098386616
-0.20616834
0.14610435
0.14810681
0.01588224
0.096891865
-0.19789001
0.021063639
0.07323177
0.09400408
0.018598603
0.2100169
0.13258371
0.012766242
-0.11589586
-0.1741586
-0.0061079413
0.17759335
0.09140049
0.118135355
0.08812412
0.11566433
-0.12744918
0.10843105
-0.15553434
0.061101705
0.018228685
0.12216853
0.22613744
0.06381816
-0.13403141
-0.26053408
0.123533
0.0656167
-0.074462555
-0.06844851
-0.062237877
0.07480895
-0.21081828
0.15475279
0.21010266
-0.13479786
0.000735861
0.08233343
0.02729542
-0.036417186
-0.19972761
-0.14378244
-0.17064981
0.15756689
0.17293748
-0.05703151
0.06119564
-0.1899943
0.2135185
-0.061344314
0.110481545
0.15386352
-0.019295417
0.007135407
0.020037003
0.17311782
-0.17551349
-0.11360237
0.11607385
0.103775784
0.048581224
-0.054652307
-0.05997135
-0.164991
-0.13609783
-0.031731393
0.3148478
0.058837313
0.031199481
0.22689481
0.23662266
0.09709809
-0.14126924
0.069129325
0.15661123
-0.17938031
-0.025403174
0.108441286
0.19144344
0.09388024
0.16367032
0.18548344
-0.11373019
0.045558523
0.2313464
-0.052124098
-0.059622068
0.15094662
-0.19937128
0.027703088
0.24778654
0.039815675
0.14481784
-0.01569963
0.10892766
-0.055095773
-0.16115077
0.0793689
0.14227484
-0.1466014
-0.15119945
0.15540233
-0.08308816
0.19839999
0.019874921
-0.043287653
0.06806692
0.03442551
-0.010656322
0.18173748
0.10135876
0.10372209
0.11410336
0.22976264
-0.08732286
0.04622632
0.02275952
0.038616154
0.06613798
-0.025360636
-0.23732772
-0.005658729
-0.11157865
0.09105261
-0.03200049
0.14378248
0.036638625
0.039950594
-0.14121026
-0.2644758
-0.042626906
0.10877612
0.028210575
-0.0035255426
-0.04126313
-0.12911458
0.21888204
0.06371932
0.17184585
-0.035804395
0.09663677
0.23783113
-0.040807705
0.055970047
-0.03727884
-0.091147214
0.089538895
-0.12777749
-0.12706788
0.024758171
-0.033814147
-0.24899487
0.08229345
-0.12616792
0.004150312
0.03582412
-0.0599375
0.055031978
-0.050648957
0.19673115
-0.09027232
-0.007326271
-0.09548986
-0.046603587
0.0054330193
-0.08651243
0.0139221735
-0.1339049
0.10226656
0.019767804
0.11725133
-0.15179995
-0.045050826
0.17868638
-0.07525076
0.0732111
-0.16218297
-0.080139555
-0.011412898
0.058585566
-0.15048146
0.13002172
0.12712902
-0.11625028
0.12246796
-0.08175351
-0.074497186
-0.09405684
0.107400596
0.18035518
-0.13322544
0.011673568
0.06884534
0.09465203
-0.08215924
-0.034360748
0.044153363
-0.24195899
-0.09299316
0.032174896
-0.0018977125
0.043656446
0.1974596
-0.0476651
-0.043940913
0.15312092
-0.105811715
-0.13750303
0.1360398
-0.08683689
-0.1064632
0.08117466
0.026352093
-0.10540144
0.10574025
-0.114194
0.041394345
-0.040252306
0.22301948
0.037263498
0.13285497
0.00420763
-0.057215888
0.04299479
0.14501078
-0.15639956
-0.2120906
0.07669802
0.06876494
-0.17437328
-0.22824636
0.0056196856
0.010554295
0.0013894057
0.0743599
-0.03342875
-0.11182201
-0.09459484
-0.14400312
0.032492343
-0.050480697
-0.12678975
-0.07032496
-0.05968328
-0.06362752
0.05314548
-0.10811231
-0.13764773
0.1582145
0.03305965
-0.13930751
-0.05355658
-0.059025664
-0.083160594
-0.035358004
0.055673715
-0.018362658
0.09297181
0.07640088
-0.0482068
0.03757739
0.096701965
0.06502633
-0.07356389
-0.031170683
0.12340948
-0.004109751
0.14648353
0.114763595
-0.22501475
-0.025574699
0.06942528
-0.18978015
-0.049181625
0.08133
0.083518155
-0.15970206
0.13497436
-0.11689687
-0.13294244
-0.08911052
0.0387463
-0.22087304
0.0051630107
-0.014985412
-0.01502609
0.04426527
-0.00885541
0.09705085
-0.16135137
0.05591419
0.012560378
0.09653649
0.18547489
-0.1698032
-0.03267242
0.024454394
-0.017830394
0.08802839
0.0052249953
-0.1041515
-0.010295902
-0.04573315
0.19005708
-0.12133597
0.1831052
0.017438203
-0.22169669
0.2600506
-0.0736389
0.018880382
0.21294484
-0.10634435
0.04836026
0.11918354
-0.06587723
-0.17433055
-0.03845709
-0.07805641
0.07591859
-0.111184075
0.026227195
-0.20554847
-0.17901187
-0.07358594
-0.08839335
-0.006831625
0.092863835
-0.10571169
0.0073248767
0.034481496
0.028698718
-0.12706876
0.106782645
0.13380648
-0.0027968893
-0.033179626
0.19557185
-0.057088684
0.015394021
0.08589924
0.10139385
0.046381265
-0.04772574
-0.09093748
-0.11241073
0.22021678
-0.1894134
-0.16427585
0.086976156
-0.09325901
-0.10085847
-0.0051225694
0.06446645
-0.07224213
-0.19613005
-0.08118898
-0.048867676
0.1116283
0.12963022
0.12525359
-0.07010441
-0.046935484
-0.035418924
-0.1999999
0.18031463
-0.074718654
-0.19054048
0.11782088
-0.002055785
0.04039099
0.15727703
-0.00789918
-0.16553901
0.12831622
-0.055552073
-0.053543895
0.08327905
0.0684867
0.097964145
-0.010848652
0.06340852
0.06921632
-0.0035553945
-0.050661527
-0.10285623
0.06858699
-0.0397858
0.0154733285
-3.5940182e-05
0.09796197
0.089514405
-0.064977296
0.10578786
-0.1513788
0.21895644
0.121952645
-0.018156247
0.05351137
-0.017400278
0.16248636
-0.0056849527
0.019310482
0.09329101
0.22781315
-0.087930605
0.24911301
-0.07376172
-0.07125321
0.080370486
0.12685102
-0.0469579
0.16376117
-0.029859522
-0.026524354
0.016809179
-0.06341699
-0.036948606
-0.009817393
0.038404573
0.11834227
0.028294453
0.048727248
-0.09343631
-0.12493599
-0.052552223
0.050001144
0.18182422
-0.052085586
0.008664076
-0.09375052
0.061154142
0.053423464
0.034827624
0.031417497
0.025680179
-0.059520423
0.034003563
-0.19562954
-0.00037287874
0.10300823
0.1096175
-0.06519635
0.06264018
-0.07146149
0.0049876836
-0.09281322
0.16299742
-0.15472573
-0.10859852
-0.12621939
-0.1804159
-0.10438707
0.10344081
0.19853258
0.13969252
0.10652808
-0.06968597
-0.12799993
0.111771055
0.22125573
-0.26797986
-0.11858301
0.023379302
-0.22430703
0.037671313
0.124667235
0.061171066
0.20204079
-0.037918255
0.01562271
0.033795122
-0.103314854
-0.09651698
0.015075444
0.027675828
0.088258475
-0.006253898
-0.093867786
0.17940736
-0.041950315
0.19078727
0.11447488
0.21761213
0.12513067
0.008376879
0.09409429
0.15321086
-0.17637478
0.01202342
-0.027413178
-0.10217097
-0.05323898
0.048431244
0.076647446
0.11548791
0.09553028
0.07413639
0.09807369
0.092253566
0.02039093
0.060428366
-0.103601605
-0.051240496
-0.046744645
0.19249196
-0.06437575
-0.035744533
-0.20141782
0.10999674
-0.035366632
-0.08516164
-0.13916892
0.1322668
-0.0080879815
0.05369983
-0.09320058
0.14539118
0.33228388
0.060564104
0.08716287
-0.03903286
0.07039937
0.17452355
0.017791955
0.04628509
0.10791054
0.28994197
-0.043059092
-0.06693285
0.024543315
-0.12682284
-0.07462005
-0.012055604
-0.03155892
0.172259
-0.09611862
-0.008019208
0.022733033
0.030216841
-0.069125734
0.043216366
0.014879351
-0.14170173
-0.1302149
-0.024002247
0.18780385
-0.08436051
-0.3793768
-0.14612931
0.18657464
0.02375902
0.24604401
-0.17028892
0.041542344
-0.08429026
0.06649198
-0.43040222
0.010629134
-0.25129297
0.056188248
0.04588045
-0.1282422
-0.08021286
0.13407987
0.08379577
0.053699262
0.006682071
-0.2798071
0.034417186
0.12902224
0.13842593
0.0048255287
-0.0055887518
-0.15639612
-0.12643711
0.038618118
-0.048365384
0.028938716
-0.19641152
-0.19940978
-0.12015138
-0.06615105
0.20389017
0.09013879
-0.06119665
-0.07581198
0.10441051
0.2603124
-0.010522678
0.065886594
-0.23574206
-0.058378026
-0.056079376
0.046638157
0.09046161
-0.10381012
0.0057420447
-0.005662148
-0.024060301
-0.15534998
-0.08585274
-0.020597024
0.21095408
-0.027794385
-0.00639533
-0.14890471
-0.11292294
0.096089534
0.075825185
0.1440533
-0.06236223
-0.097655386
-0.0473832
0.068878755
0.16698703
-0.23010817
0.06368789
-0.027445408
-0.0693577
0.13819876
-0.17253323
0.17392078
-0.2188552
-0.0404513
0.11225073
-0.10024
0.06319093
0.009122796
0.05671539
0.15501326
0.058001526
0.030410534
-0.0005643948
0.14615756
-0.05722899
-0.31866226
0.07035601
0.021649873
0.15257934
-0.2711032
-0.23130023
-0.0054850983
-0.03937939
0.034358483
0.11094166
0.1285576
0.003739701
0.08599436
0.10187719
-0.08488895
0.33840552
0.1138072
-0.099769294
0.2186703
0.07760235
0.09685046
-0.23378868
0.12407772
-0.11766555
-0.037865706
-0.125614
-0.1739569
0.025787663
-0.002024061
-0.10285563
-0.2024186
0.25122094
-0.010050031
0.020385828
-0.02303428
0.08542355
-0.0007601589
-0.21093187
-0.15450722
0.09788194
0.13600999
-0.0671846
-0.03467047
-0.20145601
0.019027049
0.13694009
0.10110899
0.08019067
-0.05689492
0.035667
-0.012706965
-0.058266476
-0.04496381
-0.19055246
0.022757016
-0.10281204
-0.025052667
0.011782217
-0.1180758
-0.09938919
0.12503399
0.111306064
0.07487865
-0.0035229775
0.014731355
0.052651644
0.05100684
-0.116080664
0.061920498
0.028644804
0.12293863
0.13854957
-0.20035614
-0.24913284
-0.019765116
0.22573498
0.05305028
-0.18021566
0.0024031212
-0.008153268
0.16250232
-0.09602011
0.16082482
-0.15613507
0.07149208
0.018854588
-0.19073825
-0.08037688
0.2067283
-0.14697394
0.15199524
0.046136755
-0.12469975
-0.048156552
0.030831965
0.057789106
0.01742241
-0.017131321
0.08802237
-0.047240563
0.06699911
0.035433542
0.0789124
-0.06509036
0.2286447
-0.16977556
-0.076401256
-0.21068096
-0.112593666
-0.017881213
0.036942173
-0.07322119
0.12975697
-0.11967723
-0.014403871
-0.0062193186
-0.017444873
-0.06755964
0.057139993
0.14511165
-0.07234924
-0.05330542
-0.12094935
0.018494247
0.19103883
-0.0407709
-0.17685628
0.06617234
0.05109673
0.05696488
0.07001032
-0.06355441
-0.038710795
-0.0019382699
-0.044388954
0.1566996
0.0680038
-0.040186703
-0.011311332
-0.099343695
-0.018346058
0.03183483
0.046328682
0.13648999
-0.060981575
-0.0010389062
-0.1024999
0.23964769
-0.078245334
0.1286699
0.1709424
-0.099292845
-0.014968908
-0.08220109
-0.065858066
0.057307594
0.06266336
-0.00076356565
-0.05524557
0.032072056
0.12925364
0.23084196
-0.005305445
-0.074098706
0.036580354
0.07925061
0.121054485
-0.16419302
-0.057394862
-0.074158065
0.10024151
0.06970547
0.0029659427
-0.23823284
0.039538566
0.077352
0.080661826
0.00057527324
0.10893065
0.10384836
0.014921731
-0.109124936
0.060760878
0.04824732
0.26848674
0.12904237
0.06830812
0.102045774
-0.17481303
-0.012591119
0.009499379
0.13823193
-0.0054795905
-0.055813234
-0.14055105
-0.20121454
0.059640802
0.14651461
0.16768482
-0.0410814
-0.08190921
0.102771066
0.11174948
0.059745695
-0.14253671
-0.018451886
0.10044062
-0.20987195
-0.018426005
-0.1798251
0.1795332
0.059468642
0.023762811
-0.021987068
-0.12306261
-0.06558024
0.0780339
-0.13631395
0.033881288
0.049363893
-0.022138197
0.0010693652
0.08651568
-0.101126246
-0.010564157
-0.0063014757
-0.05779513
-0.08874792
-0.08684971
0.03814203
-0.10556026
0.0302643
-0.1291556
-0.005012175
-0.025329966
0.2461901
-0.05324451
-0.14334433
-0.017102549
-0.05892129
0.0453278
0.13425842
0.13681075
0.010691679
0.11277493
0.08257547
-0.20902376
0.2268484
0.015650453
0.019883597
0.13459377
0.089430206
-0.021801228
0.06775301
0.21810564
0.10451005
0.053538617
-0.31221572
-0.045294404
-0.15078922
-0.13905148
-0.25872946
-0.16503827
-0.13816857
-0.2921361
0.0006676451
-0.0066040214
0.10721917
0.040141895
0.06980932
-0.017769422
0.04882189
-0.056878988
-0.21071646
0.16111858
-0.38296592
-0.024391595
-0.069368616
-0.011009196
-0.003854527
-0.23929387
-0.06694099
0.23441865
-0.12195213
-0.22548582
0.0033272367
0.08327995
0.1745013
0.109824724
-0.013075044
0.13403928
-0.1430805
0.11654896
-0.19277497
0.043543644
-0.0334746
0.106387906
-0.14338438
-0.043095414
0.02983151
-0.077586584
0.055494722
0.022531593
-0.007407087
-0.07258371
0.122049324
-0.087416284
0.0139628025
-0.032338884
-0.057347964
-0.16218995
-0.11973005
-0.07746461
0.032896362
-0.08367353
0.21300009
0.14174026
-0.012903079
-0.07628746
0.023110433
-0.007783396
-0.1789474
-0.2094637
0.18310073
0.11041733
-0.19651891
-0.023425484
-0.14320892
-0.0916007
0.16501161
0.18569908
0.029598366
0.087247685
-0.080407694
-0.22223437
-0.17021088
0.20789032
0.16095333
0.043493226
-0.026767362
-0.054641888
0.118273206
-0.16105138
-0.12249068
-0.17249225
-0.25389308
0.29910335
0.06544853
0.0044767796
-0.0858431
0.061706763
-0.21481271
-0.097539015
0.12069072
-0.020098198
-0.019537741
-0.046067074
-0.06197994
0.058794837
-0.01658443
-0.15785274
-0.14852156
0.0462077
-0.05328453
-0.09284742
0.07400499
0.08640436
0.053043798
-0.20895216
-0.0070410753
-0.1093385
-0.024692453
-0.115277775
0.061714027
0.15951371
0.079713136
-0.033363715
-0.15571323
0.046858955
0.01882593
-0.0053778063
-0.0827768
-0.189286
0.019412138
0.15428913
-0.33563736
-0.19584809
0.40717325
-0.11866752
-0.24699023
-0.16778772
-0.14884241
-0.14968659
0.11116131
0.074694335
0.05867064
0.2370055
-0.10083748
-0.05104921
-0.17076251
0.034426983
-0.17729242
0.060073916
-0.18124746
-0.099269584
-0.19099452
0.15385437
0.19609463
-0.08727048
-0.25231156
0.0845709
-0.17606586
0.14873683
0.21684691
0.3439832
-0.094767004
0.15016457
-0.049849547
0.058307745
0.35400495
0.08193233
-0.06827961
-0.16130696
-0.16880603
0.025152253
0.112938315
0.109699644
0.18064232
0.026397163
0.13301167
-0.12393616
-0.219214
0.28104222
0.04314756
0.18791847
0.21381511
-0.087143146
0.070930436
-0.11769377
-0.1452104
-0.09144821
-0.0133097125
0.0008902531
-0.12337587
-0.08045796
-0.22748119
-0.0681937
0.05536099
0.09240997
0.10118751
0.05453881
-0.034323536
0.011741007
-0.048421975
-0.031051131
0.09116191
-0.11476535
0.25673926
0.07599392
-0.078342915
0.059366487
-0.096002765
0.1349613
0.038621087
0.344618
-0.04221178
0.22386342
-0.07623603
0.015950523
0.14259528
-0.06239233
-0.029419964
0.016033322
0.32693598
-0.17258929
0.13555606
0.087378405
0.022252068
-0.104221895
-0.1379984
0.08484627
-0.24841815
0.16471802
-0.254721
-0.014229781
-0.27069533
-0.001186254
0.09377436
-0.029418878
0.046267264
0.1753761
-0.09742156
-0.047178965
0.10850869
0.21246183
-0.21867453
0.14575937
0.25475168
0.13205712
0.06191572
0.1474511
0.05968073
-0.15222083
-0.04258048
0.19400765
-0.0010815671
-0.05148841
-0.14771223
0.119928844
-0.17385848
0.013970646
0.01479964
0.13338016
-0.20096226
0.02847351
0.1310636
0.017857058
-0.09943024
-0.12151073
-0.081410415
-0.1614962
0.14233018
0.04558641
-0.072801635
0.15505034
-0.05028183
-0.03692207
-0.02908425
-0.010139316
0.00055111706
0.18929017
-0.059670925
0.10189139
-0.2458267
0.060971145
-0.01926163
0.08859689
-0.06278657
0.30381274
-0.12003047
-0.118509
0.19516093
0.3103277
-0.10033707
0.058028456
0.15105447
0.06947295
0.11991638
0.08510582
0.16185075
-0.10038357
-0.107267916
-0.019259468
-0.13524891
-0.021073995
0.07724397
0.0044938377
-0.009794531
-0.100727536
0.011673339
-0.22859488
0.05139786
-0.23121911
0.123033695
-0.11774709
-0.09729529
0.038311772
0.041381404
0.1019134
-0.16037738
0.25242832
0.09700821
-0.0538625
-0.12861238
-0.10777412
0.017369885
-0.21079391
-0.02131027
-0.14755948
-0.116457365
-0.0063615055
-0.21862154
-0.030897636
-0.014016752
-0.061482683
-0.06265518
0.007926215
-0.056359895
-0.16189064
0.026090058
0.093034424
-0.10361147
-0.079766795
0.16685687
0.11353026
-0.15648775
0.08931567
0.2612733
0.04796001
0.07578016
0.13717018
0.038924947
-0.1881308
-0.026875684
0.099624656
-0.10142122
0.14190792
-0.1567588
-0.16330312
0.021413054
-0.15214886
-0.02275674
0.11149019
0.06270777
-0.08661322
0.071936615
-0.023063695
0.016674222
-0.10052173
-0.003781512
-0.018294148
-0.017082218
-0.08296522
0.050354186
-0.13581514
-0.038195677
-0.07320306
-0.024415305
0.016461274
0.08388281
-0.07858336
0.12144512
0.073437445
0.04161689
-0.12104978
0.04004372
-0.07042064
0.16463952
0.12959829
-0.07265598
-0.021028746
0.13545023
0.087487355
0.10457891
0.068669006
-0.0093860645
-0.030544424
0.08429683
0.09660113
-0.077465765
-0.08049258
-0.11758168
-0.04167266
-0.13195732
-0.12937464
-0.03126236
-0.06869633
-0.07974445
-0.084491305
0.11272599
0.08772436
0.024541141
0.08625479
-0.07562812
0.017092586
0.008272704
0.15855381
-0.023901472
-0.0031948846
0.073520765
-0.06053127
0.15849319
0.17604597
0.010089465
-0.05210713
0.10185154
-0.17986539
-0.22598322
0.116832614
-0.08630918
0.07174267
-0.11385857
0.043254565
0.023766834
0.041473493
0.024144301
-0.07500382
-0.200599
0.10677867
-0.053237133
0.07388062
-0.21497959
0.19526848
-0.11503243
-0.16317162
0.010166296
0.18167664
0.18660887
0.17954662
0.07498805
-0.21660215
0.071669914
0.09572729
0.106497586
0.15207541
-0.21876183
-0.018427752
0.026978934
-0.07506337
-0.27562338
-0.024143022
0.0041033477
-0.20405018
0.03964788
0.12692724
0.10388203
-0.01210036
-0.081116095
-0.08909925
0.021562085
0.18216673
0.053431906
-0.026413558
-0.045486044
0.0657479
0.087116815
0.1384667
-0.05266802
-0.011477949
-0.13010618
0.029786771
0.08845118
0.003154956
0.051136963
0.03942138
-0.17197998
0.12634972
-0.18002051
0.07050549
-0.04444113
-0.07869676
-0.08069816
0.10560326
0.17980202
-0.049344927
0.18705222
0.1909952
0.04379708
0.17359066
-0.052073896
0.02251934
-0.025998717
0.06462197
-0.11839594
0.005615824
-0.05744673
0.05467062
0.040393043
-0.15054137
-0.16701628
0.1487156
-0.0558449
-0.17423132
-0.04332978
-0.17171583
-0.2123154
-0.012331729
0.15869069
-0.02460285
-0.11946666
-0.04840516
0.19848697
-0.03039472
-0.16712244
-0.26067343
-0.16278058
0.06107561
0.22312275
0.102647275
-0.09296246
0.16769575
-0.008903983
-0.1350871
-0.15906356
0.09454382
0.02923516
0.12616679
0.06591599
-0.09068674
-0.12790535
0.0037832055
-0.09152993
0.07416973
0.06368987
0.18612528
-0.07801445
-0.07093555
-0.029652769
0.17266154
-0.20570236
-0.1492997
0.062483333
0.051334225
0.019545047
0.09894961
-0.0421771
0.033096824
0.101500146
-0.026611216
-0.05326417
0.01157967
0.079125814
0.04156539
-0.13727935
0.11925669
-0.009636437
0.05826814
0.030596273
-0.100860626
-0.02558806
0.06459739
-0.13351777
-0.006289334
0.07823035
0.15831526
-0.099009134
-0.024489973
-0.18303238
-0.108172566
-0.05326844
-0.12471224
-0.18471016
-0.24213089
-0.0022665742
0.1073026
0.15480968
0.08625466
0.09633384
0.10354781
-0.048051436
-0.21584375
0.13529408
0.17066765
0.09541961
-0.031181358
-0.00052864593
-0.19819355
-0.1610067
-0.18190017
-0.16333874
-0.1114271
-0.062153853
-0.11480408
0.10100721
-0.1024101
-0.06933477
-0.08687412
0.0946784
0.027006878
-0.07349567
0.04691491
-0.033414327
-0.08967033
-0.0648292
0.09523205
0.025941331
0.01333504
-0.15485708
-0.017150352
0.0633008
0.10049974
-0.022078395
0.21136577
-0.18183284
0.12110433
-0.08932722
-0.097026624
0.044449426
-0.030541053
0.0069745886
0.18338065
-0.05935578
0.08971331
0.08986694
-0.038333513
-0.06973706
0.14603333
-0.0104168095
0.042590898
-0.023341672
0.012597554
0.055395085
0.05200067
0.17688392
0.09371723
0.100844026
0.028206829
0.28299144
-0.01987735
0.43992034
-0.038721748
0.15815079
-0.06737458
-0.035993446
0.060504105
0.08141851
0.059336476
0.11954651
0.26348948
0.058681536
-0.060033396
0.007938502
0.042344622
-0.015057053
-0.072586454
0.17061695
-0.16110776
0.09807219
0.045044877
0.008859329
-0.09544799
-0.32015184
0.2711895
-0.32586822
0.03424852
-0.08496827
-0.12543716
-0.2844945
0.07667365
-0.15709092
-0.13761856
0.027340427
-0.03106415
-0.10393851
0.10507615
0.09198314
-0.10084283
0.044625156
0.29957283
0.20089139
0.16438676
0.12960948
-0.046811674
0.19235994
-0.107876964
0.08682609
0.04243446
-0.024404658
-0.1573318
-0.14330971
-0.17520602
0.055160083
-0.14793208
-0.12706852
-0.038916513
-0.0039572064
0.10592685
-0.15936542
-0.19145633
-0.19942072
0.07614546
0.15266019
-0.017541565
-0.08985228
-0.0068677897
-0.14030649
-0.19946408
-0.034477714
0.12687342
0.07738322
0.026927665
0.109060906
-0.081238516
-0.14631325
0.007050655
-0.00024581744
0.1666142
-0.09916421
0.22484437
0.0085112415
-0.120371595
-0.15522766
0.15902117
-0.076106206
-0.0010581118
-0.14017276
0.035411317
-0.07641475
0.13966842
-0.02586186
0.08981991
-0.09069262
-0.121726595
-0.095042825
-0.0040800967
-0.1051189
0.08300833
-0.098544195
0.005745723
-0.22567827
0.118656605
0.10226144
0.10390794
-0.047270548
-0.2111579
0.035307456
0.101158686
0.07979027
0.13696307
0.1625999
0.08302388
0.18860604
0.001195873
-0.017790902
0.036035705
-0.089594685
-0.018542485
-0.02557572
0.048657153
-0.03513667
0.0069789574
-0.04373077
0.25344744
-0.12130219
-0.07652871
0.21883133
-0.03909859
0.1539144
-0.17474924
0.008108599
0.07770186
0.00807351
-0.14849615
0.11725827
-0.25948408
-0.068630636
-0.0058143414
0.12863538
-0.2305965
0.017086739
-0.115832694
0.11990315
0.07435976
-0.1747698
0.028442012
-0.042257745
-0.18435349
-0.024287352
0.06161171
-0.017629376
0.20710509
-0.21487045
-0.11521012
0.15589449
0.24874236
-0.1696727
0.108711466
0.037456267
-0.14636916
-0.08519331
0.07884615
0.1864251
0.068550535
0.02538751
-0.03741808
-0.10601807
-0.12986611
0.10692482
-0.058604542
-0.12627043
0.00460957
-0.20108043
-0.13601118
-0.18342024
-0.1596226
0.043976385
-0.06492426
-0.08825129
-0.043803435
-0.12985684
0.008993802
0.10946181
-0.21971355
-0.115685955
0.19059823
0.01803294
-0.09914056
-0.021283843
0.04408192
0.13136925
-0.035666574
0.07577921
-0.08326502
-0.1940848
-0.23246759
-0.23924367
0.20146523
0.053221945
-0.09806528
-0.24619354
0.036086436
0.19104274
0.20872132
-0.01120945
0.021634415
0.060873114
0.123853974
0.026913814
-0.0076936455
-0.12953803
0.081026495
-0.094099045
-0.08285077
-0.12753001
0.057733387
0.010449946
-0.12735625
-0.045963157
0.21750726
-0.1267517
0.005596918
-0.11048839
-0.08191038
0.025936933
-0.038206473
-0.08837999
-0.08709971
-0.16398218
0.19106585
-0.060654216
-0.16534756
-0.049052816
0.034153584
-0.047832623
0.048926584
0.14018443
-0.072185226
0.036622524
0.04501639
-0.0041711475
0.10195637
-0.100182876
-0.058143776
0.15639365
-0.030321693
0.06578814
-0.03870978
0.15390337
-0.14071625
0.062523976
-0.0817285
-0.063368335
-0.19251142
0.13775207
-0.1375728
-0.06557637
-0.0402797
0.1968818
0.15219529
0.034535296
-0.08001447
0.08626467
-0.056444157
-0.02886286
-0.02424334
-0.111152545
0.05875209
0.15516518
-0.12973735
-0.16289844
0.019863272
0.04975174
0.018441688
0.09779427
0.061115067
0.039444767
0.074176446
0.15922602
-0.07023874
-0.19154312
0.03201331
-0.09683517
0.20348252
-0.09390323
0.14252567
-0.07711937
0.06582687
0.06679972
0.12022016
-0.10358732
-0.13549757
-0.25472027
0.0049932827
0.21257447
0.18796067
0.030101044
-0.025996368
-0.16196422
0.14721157
-0.0497607
0.15860471
-0.07145934
-0.008635993
0.12591515
-0.058695924
-0.015251478
-0.010197282
-0.13403925
-0.027971946
-0.13786565
0.084929205
0.08509735
-0.0372503
0.1023339
-0.017146552
-0.1345346
-0.048544686
0.06729756
-0.051984914
0.05469487
-0.012294741
-0.17250744
0.130099
-0.03518051
0.01345727
0.10294714
0.28466535
-0.0999179
-0.08088591
-0.025752863
0.0662264
0.023933051
0.10447266
-0.14956267
0.02987088
0.022670846
-0.061236106
-0.0291768
-0.00084890466
-0.046431284
-0.004138803
-0.19060142
0.109286256
0.051872786
0.11286107
-0.13520747
0.11935954
0.029145094
-0.0837543
0.0895598
-0.18027714
0.051693246
0.07039181
0.08116452
-0.13574311
-0.11458334
-0.09609234
-0.16283208
-0.028819263
-0.020149242
0.16746706
-0.11439327
-0.1318411
0.052797224
-0.0032101946
-0.13508339
0.21749735
0.13279335
-0.036537897
0.101536654
0.11170961
-0.076538175
0.013550716
0.06286129
-0.08651813
-0.119100794
-0.19713438
-0.05706314
0.13212854
-0.14651027
0.033734534
-0.16974504
-0.0457945
-0.07066208
0.055175837
-0.015390438
-0.1520412
0.11637698
0.08735015
0.027118621
0.10033242
-0.09813803
0.09504044
-0.15386103
0.014117202
-0.026139265
0.18880259
-0.059568435
0.21715502
-0.17855029
-0.04216453
-0.34549886
0.08697419
-0.114105925
-0.07725715
-0.13149808
-0.2536806
0.27463844
0.09612736
0.14585087
-0.14375101
-0.04819408
0.133152
-0.17165634
-0.18607111
0.13469046
-0.029607005
-0.02061481
-0.09716615
-0.051937163
0.03819939
0.02764673
-0.05417186
-0.024484234
0.066818394
-0.029326929
0.14964724
0.025648128
0.15327302
-0.014709681
0.13038602
-0.003385864
0.031478763
-0.07406355
-0.06957864
-0.18032409
-0.0017934395
0.14607719
0.03501261
0.124140896
0.06905649
-0.012032748
0.16367418
-0.09827954
-0.30512127
-0.058589764
-0.058881395
0.053257942
-0.16910894
0.15646072
0.026751386
0.15077479
-0.032777715
-0.027381185
-0.05144462
0.04873368
-0.13849616
-0.10808621
-0.18028344
-0.00245516
0.18048446
0.15725018
-0.09132536
0.18439497
-0.13334168
-0.19608755
0.06514979
0.09350324
0.11133013
-0.06967644
0.11311086
0.059818953
-0.11083081
-0.17375971
0.014491075
0.11476338
0.12226772
-0.06711629
-0.0053065717
-0.09507869
0.04099842
0.060455702
-0.21733078
-0.10446265
-0.020629726
-0.19040968
0.0700452
-0.10693546
0.004586515
0.013143882
0.0146345645
-0.020687265
-0.11516622
-0.03858036
0.09069217
-0.22933438
0.0743916
0.08345374
0.014800052
0.10158267
-0.008331534
0.075698555
0.04098492
0.088687025
-0.12826015
0.05061698
-0.042656604
0.08676559
0.020327259
0.06834747
-0.00054384716
0.09628089
0.023984205
0.23086978
0.14892472
-0.05287074
-0.20437744
0.032723807
0.13137482
0.054864984
0.035610378
0.23459242
-0.104376175
0.0071345298
-0.077348724
0.14756562
-0.3385417
0.19242062
-0.07935373
0.24031243
-0.21079822
-0.03672844
-0.10809355
0.1863188
-0.15919875
-0.14892548
-0.034716543
-0.14107655
-0.18008323
-0.23999563
-0.27156144
0.10800198
0.0014497852
0.15093517
-0.15595907
-0.11395284
0.07562051
0.18562007
-0.24906124
0.1125509
-0.008263407
-0.050342787
0.05059867
0.12608187
-0.15518166
0.14621924
0.0483418
-0.007360363
0.15156282
-0.054686867
-0.06078656
-0.19180612
0.061066646
-0.052337117
0.078132875
-0.07347483
0.123311184
0.15719198
0.054037407
0.042356502
-0.071774125
-0.1243351
0.1122549
-0.042169683
-0.1709975
0.008188038
-0.056155983
-0.048421416
0.107974306
0.14498143
-0.059719857
-0.047806855
0.10996701
0.2740178
0.11555291
-0.11924141
0.17266688
0.10915151
0.17901498
-0.12510818
0.16300423
-0.08220183
0.11140711
-0.10778864
0.03458118
-0.04839943
-0.27436066
-0.053782634
-0.197982
0.06655435
0.05034682
-0.028657801
-0.14843269
0.03963765
-0.19217142
-0.04099761
-0.18082243
-0.13721196
-0.09001611
0.13535577
-0.12467304
0.045194123
-0.09983079
-0.026210181
0.10117005
0.12755224
0.025848407
0.18939938
-0.08652116
0.16062889
0.08434781
-0.087859616
0.14437306
0.09280256
-0.15878789
-0.08021524
0.09198532
0.012005789
-0.10783913
-0.016181018
-0.17327642
0.101001285
0.232055
-0.14883918
-0.059512988
-0.027721668
-0.1958987
-0.050100237
0.05054638
0.04717475
0.025447734
0.12221099
0.06791792
0.23531406
0.054393426
0.19878604
-0.055396292
-0.07848392
-0.02486536
-0.11732146
-0.05755932
-0.15241851
0.03740445
-0.16166462
0.048555546
0.20158929
-0.21029599
0.082829125
-0.031272497
-0.09852469
0.06718844
0.09683538
0.11935597
-0.110990204
0.071429424
0.0035904942
-0.11011476
-0.1385351
0.19790632
-0.08759226
-0.0625697
0.008623899
0.0016961901
-0.0024824482
-0.115036055
0.020032678
-0.13446568
0.061096936
-0.13334021
0.0020060695
0.04780283
0.017662857
0.038006384
-0.23937246
0.119660124
0.18039382
0.12136028
0.002000801
0.060741644
0.028880822
-0.06340277
-0.0055010896
-0.058581848
0.032116883
-0.06985917
0.0687946
-0.0274309
-0.04928661
0.23520468
0.16876811
-0.13048999
0.031334657
0.024465626
-0.062466573
-0.29662147
-0.038295798
0.23820612
-0.10032836
-0.12522101
-0.058758583
-0.10693869
0.19411129
-0.029019594
0.04009541
-0.018065639
0.045950793
0.10660301
-0.19531581
0.07863375
0.15740973
-0.0049266433
0.06833163
-0.16413918
-0.018901456
-0.09224528
0.022678332
0.10014551
0.051569827
0.09054686
-0.08180923
0.039822947
-0.10486723
0.18907428
-0.0165396
0.12615156
-0.10363488
0.20926394
0.10655964
0.089864455
0.0317944
0.1880921
0.055406507
0.08272449
0.12882648
-0.02484836
0.088598564
-0.0650431
-0.040065728
0.05164335
-0.006668608
0.019609492
-0.05752043
0.097220264
0.12924159
-0.021471968
-0.018835533
0.08680566
-0.02068064
0.14442404
-0.033247896
-0.01081061
0.05843608
0.035270967
0.05369625
-0.009621911
0.14581136
-0.030214157
-0.019084878
0.07927302
0.053589188
0.02616472
0.08218821
0.18907322
0.116103
-0.12410493
-0.14825723
0.13073428
-0.05008264
-0.13487235
-0.19850983
0.16016264
0.14794177
0.08891621
0.04604241
0.090252385
0.13214418
-0.089176096
-0.19286719
0.1383859
0.16556543
-0.18808082
0.11226546
-0.01946431
-0.121280245
0.07171441
-0.081697665
-0.003018904
0.20518151
-0.060074523
0.015785495
-0.17891523
0.18196864
0.0479545
-0.024794942
-0.1077356
0.18465729
0.13145168
0.09655762
0.16952774
0.074225344
0.035250727
0.047574602
0.057344027
0.10899795
0.03918677
-0.022408044
0.05926496
0.05033189
0.037967294
-0.01633915
0.062005386
0.081851
0.21859224
-0.0686294
-0.15543889
0.05817597
-0.12730157
0.0137446
-0.086199224
0.16301051
-0.090737596
0.01941616
-0.1931616
-0.014861982
0.16285282
0.1508604
0.034668215
0.08185583
0.06037769
0.09386334
0.15633576
0.06871546
-0.14544463
0.04307597
0.0500874
-0.07352039
0.2567075
0.063319296
0.045490213
0.21321562
-0.20502809
-0.09709857
0.05157151
-0.054516554
-0.16991353
0.0043995646
0.18147174
0.042530317
-0.13737966
-0.014777928
-0.010775491
-0.112837516
-0.08143707
0.20730367
-0.0715395
-0.068047054
0.052225843
-0.0920557
-0.03085007
0.040811274
-0.02136532
0.15694655
0.09097239
-0.006251701
-0.09888155
0.14393428
-0.018930243
-0.055570908
-0.15150878
-0.100236215
-0.20212461
0.20804976
0.0038649342
-0.07517219
0.059246957
0.07318256
0.061503533
-0.14127772
0.07407098
-0.041913975
-0.01549468
0.11210373
-0.05406672
-0.090750635
-0.03583175
0.018224448
-0.16918017
-0.18002103
0.14787811
0.16206677
-0.35637146
0.012953509
-0.09756763
-0.07538006
-0.22021395
-0.052597243
-0.02358878
0.22570167
-0.00085663254
-0.2007718
0.081073396
-0.07077929
-0.26486692
-0.2448293
0.008735418
-0.04261207
-0.11458934
-0.16661616
-0.08222782
-0.055415336
-0.12919855
-0.06006925
-0.27033624
0.047541715
0.010721462
-0.111911155
-0.03404654
-0.1992164
0.0952997
0.18211511
-0.05607575
-0.0052287476
0.15378825
0.08199233
-0.05234494
-0.030197715
0.105659276
-0.14952126
-0.027613841
-0.0481448
0.16156712
-0.14494734
0.078343704
0.017490476
0.06580474
0.030104592
-0.083231695
-0.016049143
0.111565
0.12966923
-0.092120506
0.02221839
-0.06303804
-0.050187994
0.005385879
-0.10421817
0.08622473
0.08940369
0.12388829
0.08393476
-0.08585612
-0.262861
-0.035211444
-0.03335027
-0.038755264
0.059866473
-0.051027983
-0.019112792
0.089264035
-0.063749544
0.025780119
0.2893946
0.14556943
-0.041787792
0.046912458
-0.08178721
-0.003982498
-0.09645312
0.04893496
0.0002970562
-0.20456599
-0.14692698
0.17468561
-0.021674937
0.10371977
0.13442162
0.12212031
0.009562225
-0.028199274
-0.13211057
-0.091462806
-0.00571561
-0.08928878
0.0432135
0.17546147
-0.034736056
-0.18058823
0.051271226
-0.051094305
0.123628795
0.074562915
0.22748627
0.07172618
0.039087664
-0.122608036
-0.021437721
-0.13997819
-0.15906678
0.12587668
-0.021823142
-0.0749462
-0.17485192
0.11162004
0.07315572
0.040426828
0.011548308
0.11186932
-0.055307083
0.15292102
0.0931811
0.27743053
-0.053687636
0.12518919
0.004332691
0.04174
0.05804866
0.12224386
0.119963065
0.21795614
0.06422262
-0.037630316
-0.09061257
-0.21037433
-0.15799828
-0.09636194
-0.056885738
0.12854405
0.19317544
-0.021539116
0.07437314
-0.0790239
0.28927377
0.094181
-0.020231029
-0.22265525
-0.11665301
0.16250809
-0.04457419
0.11799049
0.11526488
0.06965074
0.33226645
0.074262254
-0.25222123
-0.19425218
-0.062489577
0.1192463
-0.11912432
-0.088141486
-0.11003534
-0.048409473
0.28798747
0.0031456344
0.1356629
-0.017353624
0.04596482
-0.27883667
0.181458
0.0064687855
0.1879537
0.028482404
-0.0069808685
-0.0281833
0.072995014
0.069411606
-0.12178408
0.013494939
0.11166922
0.07604675
-0.21769379
0.02602075
0.1016447
0.08072473
0.010635002
-0.04361832
-0.17615074
-0.04211714
0.028012577
-0.028470453
0.006718442
-0.07671161
0.040878076
-0.17622761
0.42079344
0.17254376
-0.16419248
0.12076074
-0.107379265
-0.008668833
-0.08134374
0.06234025
0.009899763
0.19139712
-0.07087298
0.08426566
-0.14083304
-0.11573463
0.09821322
-0.042312562
-0.069187485
0.20506716
0.13080151
0.06814787
0.25389117
0.18247415
-0.21069764
0.10405574
-0.044256814
-0.12193788
-0.043842927
-0.0023445997
-0.058987997
0.013664517
0.08727534
-0.18847455
0.17187642
0.1132501
-0.13095368
0.033197112
-0.06452303
-0.16467194
0.11990176
0.022191966
0.2021493
0.023966396
0.07613843
0.052931007
-0.2742253
0.026534969
-0.022428164
0.07955072
-0.08429753
0.109220475
-0.0014349049
-0.009746555
0.252604
0.015647247
-0.09132732
0.107008465
-0.24412735
0.086253606
-0.20161948
-0.103373826
-0.26362884
-0.003640919
-0.0023193562
0.059031785
-0.17498174
-0.24229468
0.24292417
-0.045560464
-0.17781061
-0.0018039506
-0.11029162
-0.1807591
-0.053701103
0.07830522
0.15857363
0.018480143
0.055097174
0.13054498
-0.10782366
-0.2893112
-0.11920594
-0.040549822
0.2972622
-0.103000775
0.1213577
-0.015888792
-0.0013652048
0.044097193
0.053383622
-0.02896814
0.038803905
-0.14718135
0.07422509
0.079335526
-0.017323384
-0.095861994
-0.017960088
0.12353186
-0.11117755
-0.13286418
0.039300777
0.15983723
-0.040489633
-0.045995675
-0.06143785
-0.0014609401
0.0023448782
0.124732
0.011375057
-0.099065155
0.1194974
0.054042008
-0.05388086
0.03147224
-0.07910249
0.055170275
0.0723173
-0.114453726
-0.0022632077
-0.028127693
0.15289769
-0.16067971
-0.054858185
-0.03949859
0.0014880161
-0.15751836
0.095043994
-0.00516708
0.33471555
0.114037775
0.15068646
-0.04032385
0.124988966
-0.20185001
0.23995683
0.24701644
0.032774247
-0.052329347
-0.18444084
0.056906868
-0.13121955
0.16438082
-0.19380628
0.0015850079
-0.13422303
-0.077564776
-0.047092885
-0.033361126
0.13783965
-0.03830817
-0.07105727
-0.038788833
0.10422462
-0.1413099
-0.14441879
0.0010234977
0.09410686
-0.09182824
0.03803426
-0.12637934
-0.06386938
0.13620548
-0.12010607
0.10731005
0.124516115
0.038462166
0.062463313
-0.03875104
-0.13496293
-0.033690494
0.021004176
-0.04935041
-0.021630175
0.1255836
0.05797676
-0.10072936
0.21269427
0.026870145
0.018894628
-0.09490707
-0.011054517
-0.0723595
0.032068193
0.06845937
0.052222133
-0.17895594
0.07227649
-0.07917502
0.019135239
-0.008555554
0.052928556
-0.08344074
-0.16218282
0.011662661
0.18312247
-0.031079546
0.22466883
0.032899674
0.025782142
0.098307066
-0.20689707
0.02380418
0.17637734
-0.09586696
-0.111744985
0.053146258
-0.005542987
-0.16208676
0.048574474
0.034796685
0.13049354
-0.08855535
-0.07511257
0.12720269
-0.012228724
0.090170026
-0.03371917
-0.054922115
-0.06706884
0.21725865
-0.15606235
0.22200859
0.04907856
-0.11282046
0.17806081
0.03384456
-0.035424016
0.057546116
-0.042799927
0.14810118
0.15694886
0.23051472
0.016740527
0.0021459996
0.053997237
0.1546174
0.15642652
-0.04807782
-0.02526947
-0.143882
-0.07800677
-0.081753016
-0.010832996
-0.061524153
0.067364015
0.020349203
0.10553846
-0.097146876
-0.036629196
0.059021793
-0.07653521
0.117914274
-0.12095818
0.019491972
-0.14323887
0.073987074
0.21500485
0.11694921
-0.015128251
0.10818929
0.10373319
-0.09320658
0.2169018
0.19932316
0.1264706
-0.09444279
0.17411588
-0.14516532
0.19664755
-0.17955479
0.080779254
0.09160889
-0.0983391
0.06576302
-0.002997674
0.11145924
-0.017248698
-0.01826903
0.080877125
0.0042858133
-0.15539788
-0.059347782
0.21731336
-0.10386608
0.09603782
-0.04646398
-0.02418807
-0.027566321
-0.043866
0.000477816
0.019970514
0.037218265
0.13616645
-0.035122186
0.05022121
-0.015008791
0.015036159
-0.048527926
-0.20683634
-0.025946433
-0.077370904
-0.033398785
-0.030813694
-0.022086771
-0.15595599
0.13150486
-0.24543408
0.0923355
0.021370165
0.07818175
-0.014323804
0.09534781
-0.11540399
-0.1368034
0.049329516
0.06457195
-0.21095696
0.049222723
-0.10269487
0.15301318
0.19545424
-0.043120295
-0.119295575
-0.07011113
-0.09252425
0.04737492
-0.022492187
-0.045617975
0.15686291
0.11409794
-0.14144643
0.1293553
0.111391455
-0.07454293
0.013434946
0.03681801
-0.07529192
0.12554233
0.03095871
-0.0025630808
0.017750716
0.3248037
-0.12205528
-0.032615
0.079542555
0.019590434
-0.0841974
-0.11479487
0.03382799
0.01820558
0.085135475
-0.03623389
0.18439272
0.05910463
0.017294027
0.073052
-0.15534219
0.03096216
-0.08672587
-0.0041794395
-0.10180241
-0.20003587
0.074454
-0.04526686
-0.16261356
-0.031275786
0.008069557
-0.16707183
0.015940899
-0.035155516
-0.07142608
-0.10531564
-0.043884195
-0.18606283
-0.043905288
-0.119733416
0.1752337
-0.019833535
0.022572946
-0.042334076
-0.050757017
-0.0028823386
0.067187555
-0.053584013
-0.037415437
0.10300319
0.12463926
-0.10557544
0.05620903
-0.12765892
-0.08347307
0.11430355
-0.105946645
-0.060759168
-0.18787533
0.013602076
-0.12958534
-0.07999733
0.0886988
-0.16723193
-0.07885758
-0.23531578
-0.08474187
0.015245312
-0.13596228
-0.33224854
-0.07160566
-0.030854832
-0.011120308
0.09643237
-0.114030145
-0.10857688
-0.1207373
-0.03317867
0.045082826
-0.16737974
-0.0014650719
-0.032138824
0.075703576
-0.0929966
0.15512685
-0.029016562
0.1031511
0.012736656
-0.22818121
0.027827179
-0.02129552
0.013429372
-0.0056946934
-0.092602625
-0.054214355
-0.005902025
0.063687205
0.15240107
0.07850392
-0.094740026
-0.08578387
-0.1424359
0.15615763
-0.054094043
0.138246
0.11829375
0.03994678
-0.022770014
0.16514269
0.030884152
0.024436554
0.04881611
-0.042269543
-0.07552138
0.11782905
0.24120975
0.04451808
-0.14169167
0.34914234
0.03232486
0.18111123
-0.046326846
0.16367623
-0.21842554
0.08024494
0.16142316
-0.18475242
0.091903955
-0.007818799
-0.11588712
-0.124591365
-0.01855947
0.14058743
0.038783494
0.20625427
-0.099336535
0.16978702
0.08839155
0.15023953
0.16839796
0.003764881
0.26409912
-0.13561766
0.08704017
0.013834897
0.07437459
0.2754677
0.032424893
-0.056284185
-0.18710259
0.25651538
0.17869739
0.1650877
0.030748788
-0.10981329
0.017530464
0.23115885
0.029581832
0.07079957
-0.19852549
-0.07020435
-0.070955254
-0.20887794
-0.026158202
-0.059541985
-0.14082412
0.17666355
0.044676553
0.06867158
-0.013985259
0.32281426
-0.04249128
0.19868019
0.0047238856
-0.15910096
-0.047907412
-0.059461676
-0.07110917
-0.051624037
-0.058596518
-0.059005987
-0.012109009
0.15492979
-0.078949116
0.16870803
0.09111557
0.06095305
-0.056800887
0.13568929
0.016059285
-0.11123131
-0.032009695
-0.0073936377
0.18910177
-0.015000661
0.029373985
0.067603365
0.26180968
0.04248005
-0.18457761
0.01930972
0.025086122
0.16991857
-0.15325859
0.029395211
0.07551573
0.205253
0.008573696
0.0033060093
0.11824376
-0.13903783
-0.09787195
-0.1972529
-0.076270565
-0.14574367
0.12544768
0.16387813
-0.091696896
0.15914835
-0.17083704
-0.14827524
0.055036835
-0.19346839
-0.14988002
-0.055999093
0.20797142
-0.019797487
0.2219894
-0.082863025
-0.02131177
-0.21784358
-0.11042066
0.112235375
0.1210914
-0.056250934
-0.1724622
-0.046455268
0.030912237
0.028881228
0.17365329
-0.15744512
-0.25627163
0.030916512
-0.1910479
0.025563499
0.0977189
0.26915628
-0.08895271
0.15053535
-0.04238522
-0.009278256
0.043103393
-0.1386603
-0.09881682
0.11843346
-0.0680843
0.015822083
-0.027866779
0.21408236
0.23447557
-0.13114525
-0.060991134
0.08641999
-0.16746177
-0.040253572
0.097402774
-0.036554273
0.13806945
-0.22887884
0.049098067
0.03309718
-0.1312404
0.17259902
0.030379653
0.046351638
-0.083228275
0.009407151
0.103196405
-0.09706027
-0.056116443
-0.1248129
0.0068251044
-0.05058947
-0.0063566905
-0.10673715
0.055736106
0.09101926
0.06761972
0.0751886
0.01968763
-0.08258959
-0.103564516
-0.04765766
0.0072327573
-0.04868149
0.061291687
-0.17308086
-0.13691966
0.22731553
-0.012135508
0.12853539
0.008151705
0.18031836
0.13558416
0.12570101
0.27773464
-0.111458346
0.082941316
0.15280677
-0.18805932
0.1272413
0.018558342
0.0821387
-0.00599737
0.11491154
-0.107041575
0.13910495
0.06392492
-0.061650287
0.06506912
0.038314324
0.18716367
0.068720534
0.056390993
-0.10103622
0.03466358
-0.02309988
-0.17496634
-0.23205058
-0.09138371
-0.06967974
0.0033634559
-0.095983855
0.12514935
-0.10024417
-0.05091013
-0.058627903
0.11436575
-0.07534882
-0.089483455
0.056621835
-0.026094578
-0.05762954
0.07466299
0.006646961
-0.09900955
0.007834999
0.17685263
0.1461462
-0.043643404
0.06769493
0.03549648
0.0032030193
-0.14043629
0.119682066
0.026765488
-0.21355143
-0.09556752
0.0648364
-0.22496097
0.1085037
-0.07208873
0.046105452
0.14810933
0.04291435
0.11244027
0.053446725
-0.10604582
-0.06542072
-0.12978686
-0.10641796
0.24444126
0.06575932
-0.013683804
0.0697315
-0.20263653
-0.21909946
-0.08412692
-0.031370923
0.012340708
-0.07858045
0.037763767
-0.10224763
-0.07734096
0.061685245
0.04838486
0.2505706
0.099877454
-0.09825366
-0.09085421
-0.009175084
-0.13634776
-0.04894109
0.025057448
0.13899355
0.14130656
0.09553706
-0.068538114
-0.19742568
0.1873076
0.131557
-0.19744955
-0.05459035
-0.20136419
0.02840514
-0.24472809
0.10519697
0.06295677
0.17372867
0.09588451
0.09805272
-0.10458342
0.116277695
0.006022441
-0.020540083
0.08559377
-0.076971725
0.076507196
0.064742796
-0.023021009
0.018115984
0.114860244
0.11033298
0.17815877
-0.046289045
0.060637172
-0.041318964
-0.12865394
0.1347106
0.07175626
-0.16846052
-0.15310173
0.057614017
0.15430355
0.15880695
0.14236689
0.057288863
-0.21752363
0.023999425
0.038350925
0.04878334
-0.07142919
-0.024688333
-0.14161758
-0.20168819
-0.12246299
0.017480189
-0.043599505
-0.02396886
0.03790938
-0.004856202
-0.002810395
0.06693584
0.10336377
-0.06425547
-0.16836765
0.08758027
-0.042930838
0.24547575
-0.031177482
0.105116695
0.070387855
0.14527094
-0.05583105
0.03097601
0.15495501
-0.0358865
-0.12608136
0.100401565
-0.13444191
-0.024874942
0.08481488
0.07673006
0.17294039
0.119782194
-0.13826378
0.15126142
0.0710293
0.030378722
0.012276391
-0.1374797
-0.07235482
-0.23072231
0.14606678
-0.034515332
-0.10204669
-0.03211186
-0.027182642
-0.014526515
0.10000405
-0.082770236
0.012120585
0.120035164
0.2541497
0.0333809
-0.02852134
0.00016850268
0.14981931
0.14388499
-0.012423501
-0.17519799
-0.03132732
0.07124256
-0.10037257
0.13183782
0.12147834
0.06980857
0.016435986
0.06695311
0.065565996
0.02691516
-0.23733781
0.1392467
0.081836596
0.049428992
0.023462662
-0.0014134274
-0.07767664
0.106141634
0.026075242
0.115490824
0.013136687
0.051163718
0.1995975
-0.12489324
-0.1845642
-0.031980585
-0.024899924
0.07934701
0.066582955
0.03144398
0.10326538
-0.073208
-0.19461264
-0.03963909
-0.18318672
0.13751127
-0.13875186
-0.068041116
-0.056695342
0.06980008
0.039772786
0.129315
0.016782105
-0.2179864
0.015227131
0.14731747
0.05943559
-0.029006163
-0.07579702
-0.06296203
-0.18981184
-0.055595137
-0.120778866
-0.11477427
0.23249477
-0.022056969
-0.029732889
0.07584879
0.05547913
0.06193566
0.0006086414
0.053080995
-0.03439219
-0.062402233
-0.19710806
0.007291689
-0.03581268
-0.07641204
-0.12460542
0.16370827
-0.10243591
0.033149727
-0.078512624
0.010324587
0.005259753
0.04894044
0.07826076
0.17239377
0.2227596
-0.06503454
-0.1858085
0.11934746
0.049657155
-0.05849253
0.10041138
0.06239428
0.055615366
0.06693388
-0.06951671
0.06565656
0.065782875
-0.014693494
0.146034
-0.081801765
-0.040066965
-0.013054996
0.03625551
-0.08375116
-0.17954281
0.007495406
0.08603045
-0.10833667
0.04113372
-0.05648629
-0.094178654
-0.03292117
-0.10190275
-0.16529225
0.08673707
-0.06333602
0.054494947
-0.0134833325
-0.00035141982
-0.055091787
-0.00690333
0.22533986
-0.09395973
0.021958891
0.20920758
-0.07656439
0.23747364
0.024707174
0.015271381
0.040809937
-0.06930795
0.3001088
0.26984805
-0.07946988
-0.14861093
0.13584591
-0.16710281
0.12811473
-0.07938558
-0.3469352
0.07192754
0.08585967
0.18123002
-0.07986711
0.035721492
0.1446575
0.17511106
-0.085719615
0.094584264
0.029908236
0.041811284
-0.13093008
-0.17249726
-0.29968452
0.030567344
0.057055835
0.25565106
0.08130588
-0.020488154
0.09045121
-0.11380226
-0.04980236
0.07678569
0.11795397
-0.026482489
-0.024364049
-0.22126827
0.14942536
-0.11627341
0.047235142
-0.07583172
0.10420358
0.06259374
0.07658966
0.06395234
-0.20908631
-0.14828603
-0.06551591
0.022584677
-0.11271022
0.11841956
-0.2517655
-0.12934956
0.04189258
-0.12459057
0.19367094
-0.035914715
0.009467636
0.021848332
0.16702338
0.41867647
0.041452494
-0.024151176
0.15159135
0.27400184
0.21260546
0.14617863
-0.18618943
-0.05360676
0.036802195
-0.013768714
-0.1442461
-0.27164873
-0.076653644
-0.12502074
0.022903226
0.12978366
-0.109282285
-0.022843799
0.20486683
-0.041704874
-0.05103046
-0.23636355
0.017576396
0.038123913
-0.14241835
-0.15140396
0.05105015
0.13208953
0.18699364
0.05193612
0.15096731
0.25898808
0.017995875
-0.016177647
0.036873948
0.12126011
0.14864394
0.05164219
-0.08360517
-0.22656882
-0.002048621
-0.0776346
-0.04883812
-0.15107638
0.092698134
-0.066740535
0.0664075
-0.047355216
-0.0002712608
-0.005174733
-0.010271077
-0.2076718
-0.007869042
0.13176782
-0.041755307
-0.16045491
-0.05920296
-0.1507304
0.16730393
0.09285085
-0.036604993
-0.11816062
-0.07727046
0.17366171
-0.15250674
-0.0076167206
-0.10086222
-0.14963336
-0.07312333
0.09000112
-0.00114823
0.08485956
0.12999387
0.1126454
0.14630535
-0.14432701
-0.17802393
0.12384164
0.21743284
-0.027343487
0.20467122
-0.10881938
0.073351346
-0.07584386
0.26887333
-0.1425399
0.018481165
-0.067311004
-0.13751338
0.02959076
-0.13934214
0.15710117
-0.07129067
-0.1314829
0.06948008
-0.007583852
-0.07822829
0.12316066
0.06083935
-0.05843599
-0.1130857
-0.11773569
0.016102223
0.018467978
-0.06386313
0.031837042
-0.011787181
-0.07414466
-0.027328754
-0.053632125
0.019095635
-0.16373
-0.005310556
0.08698389
-0.007282362
0.08997265
-0.035506185
-0.011144048
0.083856426
-0.0017211918
0.19256404
0.061593175
0.20535704
-0.04741047
0.2700559
0.10777961
0.14959285
-0.08294263
0.051081333
-0.2320024
0.14251442
0.11306155
0.08240829
0.31062177
0.07798035
0.028044034
0.12932907
-0.008057044
-0.1347602
-0.10917638
0.112944305
0.04399894
0.07975004
0.116554916
-0.033221893
-0.05555326
0.06138261
-0.10930681
-0.044334047
-0.00014548423
-0.030542918
-0.15110816
-0.046762414
0.038815755
0.15659773
-0.097685404
-0.10644238
-0.021092657
0.07722059
-0.19047913
-0.172729
-0.01909081
-0.061006643
-0.11046648
0.021398203
0.08367718
0.07520774
0.03952376
0.1077662
0.048296586
-0.0064311614
-0.024035765
-0.048417583
-0.011749154
0.07231802
-0.01276813
-0.00086907006
-0.059539698
0.04747257
-0.015750317
0.054744113
0.11372143
-0.033872854
0.11900518
0.07448435
-0.088159464
0.0035202154
0.08798871
0.124791704
0.13376339
-0.11436105
-0.1642166
0.15944579
0.058148272
0.12864468
0.04130501
-0.087435514
-0.055207275
-0.038725473
0.0917931
-0.24002668
-0.16836809
0.16243204
0.13379824
0.027393777
0.0015178708
0.2669046
-0.060749434
-0.08168459
0.003823724
-0.08481169
-0.031107381
-0.074263476
-0.07062767
-0.05184797
-0.18691099
-0.016338862
0.03662453
0.18185484
-0.031895828
-0.05749551
-0.128591
0.17994481
0.09307898
-0.09682701
-0.11169049
-0.17274994
-0.00041293702
0.054657944
0.14433368
0.13707894
-0.07671409
0.012683362
-0.06363097
0.12052614
-0.041490898
-0.058233723
-0.11472916
0.27870604
0.01930117
-0.21078591
0.015242129
0.12026978
-0.106755294
-0.052491207
-0.0067054643
-0.07795316
-0.04682903
0.0895821
-0.069948465
0.079113565
0.112030275
-0.12004103
-0.04716384
-0.026079929
0.1447137
0.13363491
0.03524364
-0.05459219
0.08984465
0.008413929
0.04761297
-0.03819613
0.0061817677
0.00050874526
-0.011713034
-0.111900546
-0.025843525
0.023979403
-0.026036
0.19048233
-0.046965197
0.025397142
-0.104477145
0.053563677
-0.0056185084
-0.121777326
0.064000264
0.06584375
-0.06770961
-0.1848051
0.028112896
-0.09383119
-0.0004312913
0.0822202
-0.20278284
0.020779643
0.0042208023
-0.16667512
-0.21480045
0.16159691
-0.008214632
-0.056866832
-0.07022007
-0.11073117
-0.112689346
0.036822442
-0.02765937
-0.15351336
-0.10243401
0.17905271
0.11470351
0.15270284
0.091128066
0.006635393
0.034654953
-0.18136473
-0.18763073
-0.030949958
0.09616921
0.02156453
0.1436856
0.18825641
0.062178038
-0.31977865
-0.16144653
-0.00043726602
0.18490264
-0.113991246
-0.1577834
0.079676546
-0.0063529215
-0.11002139
0.20286259
0.16643478
-0.19886224
-0.00079639873
0.04154818
0.0018159801
-0.05219763
-0.06641162
0.007837293
0.20549977
-0.11213256
-0.27851793
-0.09993366
-0.019342063
0.07227316
0.074682266
0.11428782
0.046168268
-0.05861989
-0.10051404
0.030920817
-0.030604554
-0.016904464
0.1732449
-0.07523463
-0.13766146
0.082274474
-0.12518439
0.073945776
-0.031924415
0.0962487
0.13926592
0.13214082
0.07572588
0.1561656
-0.047556035
-0.10734948
0.0666619
0.1335817
0.0019229308
0.0031818096
-0.16635835
0.014408356
0.0997285
-0.16163604
0.051645245
-0.037095234
-0.038501173
-0.21154144
-0.001300289
0.093227394
0.1787446
0.11429276
0.12555851
