-0.023041718
0.027418064
-0.16722518
-0.12271289
0.1006901
0.12868112
0.057133388
0.13001424
0.005848577
-0.0791898
0.14970125
0.10691003
0.025194256
-0.084411256
0.19635567
-0.06493197
-0.05410504
0.08038915
0.044507977
0.14044645
0.11188475
-0.115206964
-0.061557863
-0.08679143
0.027396552
0.06714616
-0.032110322
0.10602716
-0.03396658
-0.020279257
-0.10142343
-0.07003251
0.133312
0.06817824
-0.05259684
-0.22096837
0.11693648
-0.23240633
0.08616908
0.15214144
0.10700594
-0.14939788
0.15772466
-0.07304009
-0.18570203
-0.035342347
-0.006868226
-0.08324732
0.04368923
0.047812156
-0.01838833
0.04094352
-0.045817677
0.013588017
0.13529988
-0.16086026
-0.04364337
-0.2782183
-0.18149179
0.2220531
0.1265079
0.0283281
0.16918397
-0.113978416
-0.019995613
-0.0036484823
-0.1466182
0.07669821
-0.056293562
0.02050905
0.055301774
0.16004919
-0.04225528
0.1362233
-0.028244724
0.10969904
-0.33852637
0.21039294
0.13250057
-0.1352961
-0.26316613
-0.2391495
0.12452232
-0.108969875
0.027269192
-0.090465136
-0.02796139
0.091418184
-0.18548453
-0.09838885
0.047063626
-0.1006846
0.1152223
-0.067060895
0.23811337
-0.19874533
0.0131765865
0.23340826
0.1475256
-0.09046973
-0.13955642
0.0607354
0.025459021
-0.045243002
-0.1382251
-0.027464962
-0.014018902
0.0008302127
0.19060661
-0.10215
0.06447197
0.059800357
0.11603442
-0.10208951
-0.07253058
0.04777739
0.090933435
0.09949129
0.12171081
0.11127836
-0.19070733
-0.18415184
-0.22052409
-0.19069016
-0.22653602
0.29041487
-0.22233877
-0.024604995
0.21173069
0.21321842
0.09270069
-0.23324561
-0.23980534
-0.061281987
0.083253846
0.18710491
-0.2621258
-0.15741889
0.025500616
0.1256921
0.05630714
0.048756752
0.052077763
-0.016701663
-0.18976624
-0.053371638
0.14843047
-0.10521751
-0.10038219
0.07498473
0.110166915
0.02773954
0.14269628
0.10841279
0.19618866
0.21198368
0.08746198
0.07374244
-0.39144197
0.22628158
0.09783221
0.043020956
-0.028911144
0.021087045
-0.054443933
-0.053439945
0.070740655
0.15956888
0.08761937
0.00834232
-0.13539484
-0.0016292812
0.10742457
-0.10287708
-0.051809985
-0.29890698
0.012645942
0.17001684
-0.23874687
-0.17543902
0.10641135
-0.07340731
-0.0112797115
-0.09515815
-0.049167782
-0.019662382
-0.03931674
-0.123498365
-0.030750355
-0.020569483
0.018062098
0.12555476
0.031032182
0.052347858
-0.068519644
0.0074868347
-0.00474986
-0.00039042474
-0.01902183
0.05854193
-0.21433088
0.02403654
0.14825821
-0.0046821237
-0.014647325
0.16610351
-0.15107904
0.061787494
-0.046281252
-0.047605634
0.057554487
-0.15385118
0.025177522
-0.067496724
-0.11239877
-0.06701189
0.08470411
0.008261726
0.03125559
0.017430432
0.07273273
-0.01775214
0.0898209
0.038173072
-0.028711898
-0.055390153
0.12023329
-0.18939078
-0.007325817
-0.07841048
-0.055383757
0.045132026
0.06715965
0.111983925
-0.121677555
0.09100671
-0.06417272
0.052385155
-0.09886478
-0.07500195
-0.079864234
0.053484548
-0.010290299
0.16749267
0.0010769455
-0.098522194
-0.12320622
0.066379294
-0.33374113
0.20329475
-0.07753603
0.13045108
0.08474046
-0.0721479
-0.14398299
0.042843305
0.0040663905
-0.11754663
0.034501143
0.045522116
0.10606828
0.06795044
0.13319014
-0.083194345
0.10536041
0.03557353
-0.24116352
0.1938422
0.14601338
0.16304305
-0.011160508
-0.0045141894
-0.3721395
0.082319096
0.13903637
-0.0888483
-0.04494189
0.07173448
-0.012723754
-0.048293132
-0.23100965
-0.28549963
-0.0085769985
0.14433256
0.2349656
-0.048285786
-0.18219131
-0.057144027
0.07252574
-0.031346764
0.06952225
-0.15451877
-0.04626241
-0.08099639
-0.38900754
-0.21781372
0.100513846
0.22688988
0.20006634
0.07200026
-0.06307311
-0.080938116
-0.28260574
0.18544653
0.14523047
0.16362987
-0.14464341
0.18747222
0.04933057
0.1695262
0.08050932
-0.17658444
-0.37486526
0.10297736
-0.27879107
0.0038677684
-0.012316918
0.04696239
-0.008278275
0.046802543
-0.008117642
0.02463774
0.07435641
0.010749814
-0.088326976
-0.12780735
0.13716291
0.04047361
-0.02120096
0.16845132
-0.102971815
-0.35811397
-0.057499647
0.012097868
0.055635683
0.09580417
-0.082467906
-0.011474582
-0.11448396
-0.045726098
0.09289074
0.0113121355
0.007043089
-0.18412471
0.15826832
-0.06785283
-0.06487843
-0.012290502
-0.16264647
-0.15843774
0.023550484
-0.1516383
-0.16032393
-0.029249005
0.002834942
0.025631763
0.04765857
0.037564345
0.014526628
-0.09040106
0.071574375
-0.16205762
0.018905617
0.041677967
0.12789753
0.12366804
-0.15481642
-0.17659605
0.083282135
-0.27241784
-0.04877245
-0.101601794
0.080523394
-0.30917054
0.22965878
0.07469805
-0.09337559
-0.11004319
0.19089243
0.23253953
0.13318421
-0.26393506
-0.34758678
-0.2925461
-0.050993644
-0.1167241
0.26969716
0.26122424
-0.06333384
-0.29973766
0.016834022
-0.22971474
-0.39199278
-0.22781634
0.159524
0.011928974
0.11948301
0.031392444
0.13706248
-0.030148495
-0.06994309
-0.0837408
-0.028010337
0.041795973
0.017460907
0.07691255
0.15589097
-0.025773067
0.11120375
0.077249415
0.0010687881
-0.07839133
-0.03939242
-0.11673809
-0.03782513
-0.14528163
-0.06564141
-0.041413024
-0.020036235
0.12949227
0.042084
-0.20818245
0.057977382
-0.13226494
0.025803087
-0.04897663
0.20385638
0.15969798
0.1187716
-0.13139483
0.011212051
0.001382791
0.13332906
-0.3721276
0.33126634
-0.16530028
-0.24388517
-0.17661598
0.00535009
0.10447458
0.080550805
-0.018797046
-0.03661957
0.123980395
-0.033107728
0.10972596
-0.117879435
-0.017887665
-0.12096167
-0.079068765
0.060801614
0.089784436
0.008423648
-0.012989017
0.052194297
-0.15377839
0.034459
-0.041181058
-0.18247354
-0.045943044
0.1885031
0.013831885
0.048658412
-0.07901336
-0.0538125
0.122430086
0.069417395
-0.0584474
-0.13320409
0.118448325
0.17847556
-0.024540132
-0.07002447
-0.0101239495
0.14530796
-0.33269823
0.17306098
0.07320947
-0.07084183
-0.20977706
0.0796217
-0.102974586
0.11223206
-0.059526525
-0.0005113598
-0.073873386
-0.07593356
0.12743002
-0.08639587
0.060446907
0.17422484
0.07529915
-0.21823938
-0.0146368295
-0.31770423
0.0043614972
-0.034104142
-0.05518044
-0.25100553
-0.3472769
0.008778041
0.14071724
0.21051426
-0.17931361
-0.3881075
-0.08920611
0.12604831
0.057756163
0.0062968354
0.10521663
0.14852585
0.047970187
-0.007731293
0.023451403
-0.04560496
0.045134816
-0.087336086
0.030264542
-0.22266048
0.024517618
0.15089905
0.16156043
0.1264522
-0.25748137
-0.20429659
-0.18172032
-0.07765059
0.20681937
0.030877912
0.2145372
0.07531115
0.2279563
0.026480574
0.10641728
-0.004881252
0.14816228
0.060258187
-0.044968173
0.03184088
-0.11762316
0.0026817804
-0.09724326
-0.062084902
0.0064072856
-0.02041717
0.025793057
-0.078313924
0.016230991
-0.088242024
-0.07708
-0.02231772
-0.063993275
-0.10412932
-0.10495514
0.13807355
0.058651056
-0.048818495
0.077857204
-0.073444046
0.049058143
-0.065544456
-0.09239508
-0.14893638
0.1213748
0.10216076
0.03620713
-0.032165904
-0.0072333994
-0.10883806
0.018091567
0.14008547
-0.019135503
-0.038414713
-0.08941968
-0.038674746
-0.021664362
-0.020811431
0.04225095
-0.03752487
-0.020993888
0.030574711
-0.15693398
-0.2748451
-0.1945653
0.22932962
0.27207497
0.21387325
0.03253056
-0.13475828
-0.2963654
-0.06811149
0.10806589
-0.1973682
-0.0025419213
0.2649029
-0.018013418
0.07355491
-0.03481493
-0.077131785
-0.04506556
0.02756697
-0.014220094
0.013152374
0.055747226
0.067925826
0.114381336
0.10734907
0.13501166
0.12288994
0.16664329
-0.31339747
-0.02101909
-0.30648053
0.19189286
-0.078103475
0.16220242
-0.024827326
-0.24281307
0.15966712
-0.076390065
0.2167781
-0.10569299
0.13484722
0.10104268
-0.13927525
-0.19158821
0.07214293
0.07773454
0.11248122
-0.23738891
0.23141116
0.18664134
0.0730858
-0.26782846
-0.040025692
0.07542594
-0.2633346
-0.079516806
-0.11237945
-0.103087835
0.11715746
0.005447733
-0.039837778
0.021426344
-0.0552406
0.18549022
-0.07868608
0.016987992
0.05316797
0.027067631
0.1319394
-0.056565247
0.09885414
0.06488843
0.16341513
0.060948305
0.004769448
0.07961687
-0.017556826
-0.028710362
-0.13765301
-0.0050171614
0.13393909
-0.15366231
-0.10856658
0.14320269
0.020927167
-0.056788456
0.053987853
0.12159108
-0.005559216
0.13788518
-0.0012461125
0.013663318
0.059990004
-0.13369967
-0.0028427038
0.15625586
-0.06002449
0.07424205
0.040815238
-0.16830677
0.107859366
-0.16026391
0.2848122
-0.1407593
0.098190375
-0.06884578
-0.10886427
0.13908148
-0.0011069492
-0.043341257
0.18460517
0.10636444
0.11329477
0.055976793
0.12898923
0.14607044
-0.025520947
-0.067412324
-0.0434038
-0.017155696
0.043981247
0.048882354
0.030945204
0.11828316
0.10097701
0.21421634
0.116631426
-0.08622685
0.08638852
-0.068232425
-0.12942882
-0.40151325
0.024884729
0.09652059
0.070930235
0.15099655
-0.010475679
-0.35115427
-0.2694703
0.06748343
0.2259754
-0.024192601
-0.10245059
0.050290752
-0.086585544
-0.15502053
-0.13256733
0.014986948
0.17994851
0.010583333
-0.1393116
-0.052042447
0.17853492
0.039711826
0.029799137
-0.047469273
0.17133994
-0.059688427
-0.023247411
-0.078932226
-0.06225542
-0.13729253
-0.015876742
-0.03245194
0.14855969
-0.118570685
0.03585498
-0.34417203
0.003161135
-0.19271998
0.22475828
0.03519027
0.15163887
-0.24665792
-0.123912424
-0.02282979
-0.15420964
-0.26256922
0.020418238
0.30653146
0.08694521
0.016008813
0.26970503
-0.083417036
0.011169291
-0.23821439
-0.23989135
-0.32128274
-0.13434024
0.02507576
-0.046691477
-0.025216118
0.027278176
0.067053705
0.057002734
-0.062150333
0.16998501
0.29098535
-0.30622378
-0.07939665
-0.11876662
-0.22294956
-0.1186256
0.033407602
0.002563285
-0.016626902
-0.03167356
0.021100033
0.06365919
-0.18847036
0.040797345
0.016678045
-0.07605813
-0.06957428
-0.1398253
0.046709534
0.023238098
-0.09176304
-0.0946415
-0.040500984
0.1310947
-0.041942492
-0.005988169
0.11555583
0.033495065
-0.05406418
-0.052929025
-0.0019590578
-0.019414315
-0.018835677
-0.06801391
0.029421646
-0.01363947
-0.05380206
0.16916403
0.087886766
0.00856334
-0.04271109
-0.023626301
-0.05746279
0.07009487
-0.11934355
0.032193426
0.04476957
-0.068741724
0.015767885
-0.061562795
-0.020761047
0.028462648
0.05387056
0.021234928
-0.08036655
-0.2624694
0.116133615
-0.04084487
-0.094647855
-0.024342518
0.23633991
-0.07867271
-0.13569288
-0.14651299
0.18004055
0.03228208
0.017639695
-0.03633221
-0.3997626
-0.13591376
0.22115296
0.25331104
-0.18659821
0.13827254
-0.014432942
0.1307215
-0.26986954
-0.1853784
0.07117054
0.13816878
-0.057195358
-0.16352242
-0.074999176
0.08525732
0.18156037
-0.38988632
-0.009196219
-0.14707354
0.19134705
-0.15761168
0.03539346
-0.044098217
-0.043826435
0.10141287
-0.087719224
0.18241054
0.01683888
-0.030759795
-0.052157316
-0.03751396
0.046644352
-0.10352492
-0.014890971
-0.031033244
-0.064572126
0.0033946184
0.14483024
-0.08170484
-0.09872383
0.06906319
0.052154522
-0.043598663
-0.05951177
0.09813604
0.081129156
0.047448795
-0.0847722
